#timestamppx py pz qx qy qz qw
1699710148.314728 0.00005189 -0.00007616 -0.00004880 0.99999983 0.00001601 0.00028802 0.00050701
1699710148.413730 0.00024910 0.00007276 -0.00023242 0.99999983 0.00001203 0.00025389 0.00053280
1699710148.512732 0.00010429 0.00003966 -0.00022974 0.99999984 0.00001152 0.00025352 0.00051036
1699710148.614734 0.00012443 0.00003282 -0.00030713 0.99999985 0.00000773 0.00024148 0.00050036
1699710148.713736 0.00009706 0.00010419 -0.00027724 0.99999984 0.00000022 0.00022099 0.00052996
1699710148.812738 0.00000044 0.00012737 -0.00034121 0.99999987 0.00000265 0.00017849 0.00048701
1699710148.914741 -0.00008925 0.00010294 -0.00030300 0.99999988 0.00000019 0.00011584 0.00046711
1699710149.013743 -0.00005279 0.00006831 -0.00035235 0.99999990 -0.00000236 0.00007403 0.00045081
1699710149.115745 0.00018439 -0.00002770 0.00964858 0.99999993 -0.00000096 0.00006787 0.00037410
1699710149.214747 0.00076878 0.00009451 0.04710719 0.99999994 0.00000989 0.00007499 0.00032593
1699710149.313749 0.00076317 -0.00008301 0.09053015 0.99999994 0.00001749 0.00011799 0.00031554
1699710149.412751 0.00076805 -0.00027161 0.13453256 0.99999994 0.00002274 0.00014429 0.00031891
1699710149.514753 0.00119153 -0.00031654 0.18104266 0.99999993 0.00004433 0.00019892 0.00031030
1699710149.613755 0.00092317 -0.00041901 0.22720005 0.99999993 0.00005213 0.00021496 0.00029173
1699710149.715758 0.00057327 -0.00021960 0.27408683 0.99999990 0.00006216 0.00024467 0.00037590
1699710149.814760 0.00046039 0.00028289 0.32152591 0.99999988 0.00005261 0.00028185 0.00040517
1699710149.913762 0.00033292 0.00046598 0.36862015 0.99999991 0.00005146 0.00024463 0.00035224
1699710150.015764 0.00151815 0.00057296 0.41598773 0.99999996 0.00004220 0.00013993 0.00025873
1699710150.114766 0.00233950 0.00098050 0.46285458 0.99999994 0.00004397 0.00017410 0.00028330
1699710150.213768 0.00231268 0.00146155 0.50972357 0.99999993 0.00002166 0.00024197 0.00029648
1699710150.312770 0.00160358 0.00180320 0.55671707 0.99999990 0.00001269 0.00030214 0.00033386
1699710150.414773 0.00196130 0.00238451 0.60556961 0.99999990 0.00001820 0.00031733 0.00030551
1699710150.513775 0.00234640 0.00233643 0.65362696 0.99999989 0.00002139 0.00031708 0.00033466
1699710150.612777 0.00179498 0.00205962 0.70328131 0.99999989 -0.00002201 0.00030026 0.00036045
1699710150.714779 0.00219637 0.00208746 0.75138380 0.99999989 0.00001142 0.00033910 0.00031081
1699710150.813781 0.00190263 0.00231602 0.79887391 0.99999989 0.00000792 0.00036627 0.00027924
1699710150.912783 0.00225874 0.00297839 0.84715341 0.99999988 0.00001060 0.00037820 0.00029554
1699710151.014785 0.00244413 0.00244296 0.89695848 0.99999989 0.00003426 0.00039542 0.00026622
1699710151.113787 0.00215952 0.00218892 0.94542416 0.99999989 0.00005750 0.00042050 0.00021653
1699710151.215790 0.00155815 0.00277580 0.99545335 0.99999985 0.00000838 0.00044114 0.00030926
1699710151.314792 0.00076628 0.00284416 1.04601511 0.99999987 0.00001173 0.00044152 0.00026350
1699710151.413794 -0.00028103 0.00280817 1.09463402 0.99999984 0.00002225 0.00049425 0.00025791
1699710151.512796 -0.00127969 0.00277504 1.14590437 0.99999985 0.00003576 0.00049047 0.00024765
1699710151.614798 -0.00148918 0.00292828 1.19685730 0.99999984 0.00004786 0.00051114 0.00025303
1699710151.713800 -0.00148141 0.00345602 1.24579046 0.99999983 0.00004951 0.00051397 0.00028720
1699710151.815802 -0.00150004 0.00381664 1.29497025 0.99999981 0.00005737 0.00054526 0.00028470
1699710151.914804 -0.00283110 0.00479287 1.34619666 0.99999978 0.00001367 0.00054440 0.00036659
1699710152.013807 -0.00261314 0.00415385 1.39591533 0.99999979 0.00001525 0.00054131 0.00035172
1699710152.112809 -0.00445493 0.00368404 1.44670692 0.99999977 0.00002117 0.00053588 0.00042360
1699710152.214811 -0.00481706 0.00382124 1.49826956 0.99999976 0.00002744 0.00056184 0.00041364
1699710152.313813 -0.00620519 0.00288504 1.54093361 0.99999976 0.00004607 0.00057774 0.00037136
1699710152.412815 -0.00765808 0.00205800 1.54883090 0.99999977 0.00005279 0.00056042 0.00038187
1699710152.514817 -0.00776691 0.00202568 1.54724038 0.99999977 0.00004497 0.00055430 0.00039369
1699710152.613819 -0.00724471 0.00213149 1.54012808 0.99999978 0.00003222 0.00053131 0.00039145
1699710152.712821 -0.00657912 0.00239985 1.53329207 0.99999978 0.00002263 0.00052453 0.00040447
1699710152.814824 -0.00611143 0.00240675 1.52780035 0.99999978 0.00002333 0.00051513 0.00040816
1699710152.913826 -0.00555675 0.00231780 1.52417933 0.99999980 0.00002210 0.00049655 0.00039851
1699710153.012828 -0.00524428 0.00211243 1.52179568 0.99999981 0.00002181 0.00048217 0.00038988
1699710153.114830 -0.00501906 0.00199798 1.52034471 0.99999980 0.00002605 0.00048168 0.00040728
1699710153.213832 -0.00479686 0.00189450 1.51969640 0.99999981 0.00002953 0.00047298 0.00040409
1699710153.312834 -0.00469149 0.00179122 1.51966870 0.99999982 0.00003399 0.00046237 0.00037480
1699710153.414836 -0.00473328 0.00181494 1.52005811 0.99999981 0.00003266 0.00046381 0.00039387
1699710153.513839 -0.00487997 0.00174491 1.52079610 0.99999982 0.00003539 0.00045741 0.00038730
1699710153.612841 -0.00484892 0.00177295 1.52168506 0.99999983 0.00003542 0.00044728 0.00037017
1699710153.714843 -0.00406027 0.00131086 1.51571359 0.99999953 -0.00065372 -0.00063805 -0.00033895
1699710153.813845 -0.00330034 0.00086712 1.50701326 0.99995214 -0.00455086 -0.00702860 -0.00506069
1699710153.912847 -0.00025869 -0.00115627 1.50063740 0.99956256 -0.01362072 -0.02111119 -0.01560389
1699710154.014849 0.00785936 -0.00547099 1.49312055 0.99813794 -0.02989394 -0.04307314 -0.03117234
1699710154.113851 0.02384661 -0.01476480 1.48220679 0.99517306 -0.04995803 -0.06893488 -0.04881343
1699710154.212853 0.05115289 -0.03513145 1.46503626 0.99052352 -0.07252687 -0.09586244 -0.06643348
1699710154.314856 0.09918850 -0.07229754 1.44548408 0.98445050 -0.09678618 -0.12204191 -0.08121222
1699710154.413858 0.17149734 -0.12568777 1.43593175 0.97791471 -0.11999889 -0.14487889 -0.09106699
1699710154.512860 0.27296047 -0.20461412 1.43747947 0.97163172 -0.14222862 -0.16268971 -0.09609830
1699710154.614862 0.41150661 -0.31356315 1.45279965 0.96591914 -0.16408748 -0.17475192 -0.09765903
1699710154.713864 0.58111445 -0.44869720 1.47630294 0.96115510 -0.18356559 -0.18220788 -0.09635788
1699710154.812866 0.78086653 -0.60862242 1.50041286 0.95740412 -0.20089805 -0.18607640 -0.09161279
1699710154.914869 1.01590422 -0.79581992 1.50805038 0.95490190 -0.21662761 -0.18570745 -0.08214372
1699710155.013870 1.26649173 -0.99331161 1.48431225 0.95316584 -0.23027318 -0.18239383 -0.07198363
1699710155.112873 1.54044350 -1.20901555 1.43720810 0.95280131 -0.24293342 -0.17159704 -0.06088910
1699710155.214875 1.85375078 -1.44959629 1.38531781 0.95301768 -0.25486756 -0.15582141 -0.05019478
1699710155.313877 2.18900375 -1.70260298 1.34290042 0.95397096 -0.26492044 -0.13543663 -0.03759629
1699710155.412879 2.54543671 -1.96519449 1.31210704 0.95468056 -0.27378853 -0.11378326 -0.02604305
1699710155.514881 2.93485876 -2.25192469 1.28791075 0.95506600 -0.28195554 -0.09012431 -0.01508669
1699710155.613883 3.33059207 -2.54175968 1.26198740 0.95496164 -0.28865535 -0.06856457 -0.00502536
1699710155.712886 3.73853471 -2.83308249 1.23973945 0.95462097 -0.29420703 -0.04580330 0.00656369
1699710155.814888 4.16971006 -3.13177038 1.21555203 0.95372080 -0.29913209 -0.02473434 0.01802317
1699710155.913890 4.58446809 -3.41948031 1.20449373 0.95249909 -0.30333010 -0.00421212 0.02680642
1699710156.012892 5.00547436 -3.70010202 1.18877328 0.95108248 -0.30715106 0.01206509 0.03089953
1699710156.114894 5.43163073 -3.98577052 1.17163725 0.94997213 -0.30947282 0.02830989 0.03127412
1699710156.213896 5.83708986 -4.25291377 1.14272041 0.95010201 -0.30813435 0.03982053 0.02781580
1699710156.315898 6.24591077 -4.51976792 1.10941247 0.95142032 -0.30244718 0.05241429 0.02403772
1699710156.414901 6.64286859 -4.77492351 1.08615425 0.95410130 -0.29234416 0.06112265 0.02212767
1699710156.513903 7.02463302 -5.02021918 1.08109345 0.95754765 -0.27919463 0.06755031 0.02428593
1699710156.612905 7.42272902 -5.27488463 1.08553473 0.96157168 -0.26344332 0.07085008 0.03094815
1699710156.714907 7.80720078 -5.51588375 1.08956086 0.96542480 -0.24573726 0.07608431 0.04218225
1699710156.813909 8.16455924 -5.73133949 1.09484736 0.96874698 -0.22826153 0.07935484 0.05593536
1699710156.915911 8.49687588 -5.92866949 1.10473390 0.97134653 -0.21132801 0.08238488 0.07098678
1699710157.014913 8.79811696 -6.09237184 1.11467166 0.97340270 -0.19539363 0.08355792 0.08559542
1699710157.113915 9.08472523 -6.24107058 1.12093028 0.97499962 -0.18173282 0.08216875 0.09796538
1699710157.212918 9.37831912 -6.37724319 1.11852089 0.97652566 -0.17047983 0.07673062 0.10698911
1699710157.314920 9.65609907 -6.48827776 1.10782166 0.97804353 -0.16146106 0.06890615 0.11230817
1699710157.413922 9.92158196 -6.57820408 1.09076649 0.97948499 -0.15493823 0.06055444 0.11373855
1699710157.515924 10.17862706 -6.64665892 1.06810709 0.98102338 -0.15062453 0.05096208 0.11094255
1699710157.614926 10.42782514 -6.69320163 1.03900663 0.98261385 -0.14837416 0.04072754 0.10390568
1699710157.713928 10.67248691 -6.71830624 1.00458589 0.98405606 -0.14844782 0.02922405 0.09350327
1699710157.815930 10.92077337 -6.72594904 0.96389231 0.98510919 -0.15215415 0.01834985 0.07792485
1699710157.914932 11.15770317 -6.71590184 0.92115296 0.98546261 -0.16057172 0.00664603 0.05509990
1699710158.013935 11.40729504 -6.69525934 0.87822200 0.98484064 -0.17132227 -0.00506208 0.02668264
1699710158.115937 11.65387479 -6.66798897 0.85022933 0.98306609 -0.18234518 -0.01759502 -0.00465957
1699710158.214939 11.89898336 -6.64348507 0.84390577 0.98024592 -0.19224782 -0.02879604 -0.03646226
1699710158.313941 12.15306560 -6.62914827 0.86232554 0.97714257 -0.19863132 -0.03939802 -0.06469770
1699710158.412943 12.41189967 -6.63303486 0.90618202 0.97490962 -0.19994197 -0.04707799 -0.08577940
1699710158.514945 12.68217268 -6.66079769 0.96676299 0.97462070 -0.19502183 -0.05158746 -0.09705516
1699710158.613947 12.94545558 -6.70765135 1.02852553 0.97675642 -0.18386424 -0.05187513 -0.09721009
1699710158.712950 13.20906504 -6.76962001 1.07820278 0.98040248 -0.16931884 -0.05030774 -0.08724241
1699710158.814952 13.48708791 -6.84504078 1.10371680 0.98413981 -0.15460310 -0.04727198 -0.07302112
1699710158.913954 13.76281860 -6.93021058 1.11156166 0.98764332 -0.14291683 -0.03281916 -0.05530245
1699710159.012956 14.04161821 -7.02685679 1.11829780 0.98999024 -0.13264057 -0.02501370 -0.04123257
1699710159.114958 14.32961523 -7.13797436 1.13153379 0.99162016 -0.12397664 -0.01975576 -0.03047875
1699710159.213960 14.61286642 -7.25488130 1.15482985 0.99270583 -0.11727770 -0.01734860 -0.02191108
1699710159.312962 14.90539189 -7.38372437 1.18311511 0.99336739 -0.11290443 -0.01579744 -0.01497542
1699710159.414964 15.21349583 -7.51758144 1.21520853 0.99373563 -0.11041079 -0.01498863 -0.00862011
1699710159.513967 15.50212467 -7.64210616 1.24218088 0.99386468 -0.10965033 -0.01418485 -0.00293147
1699710159.612969 15.80243831 -7.77019506 1.26307085 0.99384051 -0.11000524 -0.01323293 0.00218743
1699710159.714971 16.10356040 -7.89743171 1.27638967 0.99371618 -0.11104475 -0.01253758 0.00632684
1699710159.813973 16.40810474 -8.01897404 1.27462356 0.99351443 -0.11262975 -0.01242118 0.00945199
1699710159.912975 16.70832283 -8.13994600 1.26507684 0.99331101 -0.11421173 -0.01225811 0.01177549
1699710160.014977 17.01028270 -8.25940479 1.24969704 0.99309440 -0.11596784 -0.01163388 0.01340256
1699710160.113979 17.31243102 -8.37870693 1.23033080 0.99290853 -0.11748250 -0.01164716 0.01395941
1699710160.212981 17.62075917 -8.49464306 1.21240102 0.99274953 -0.11881799 -0.01078763 0.01463855
1699710160.314984 17.93275437 -8.61023658 1.19096091 0.99264620 -0.11971652 -0.00979118 0.01502039
1699710160.413986 18.23676478 -8.71445744 1.16958272 0.99255390 -0.12045237 -0.00928582 0.01554840
1699710160.512988 18.54711667 -8.82029254 1.15194786 0.99251984 -0.12072600 -0.00900080 0.01576640
1699710160.614990 18.85376223 -8.91890467 1.13598474 0.99248941 -0.12098214 -0.00834167 0.01607845
1699710160.713992 19.16898368 -9.01622516 1.11742846 0.99248576 -0.12099822 -0.00852289 0.01608736
1699710160.812994 19.45961848 -9.10394433 1.10232912 0.99249629 -0.12092508 -0.00812991 0.01619085
1699710160.914996 19.75716537 -9.18692883 1.08458820 0.99260256 -0.12022393 -0.00705820 0.01538024
1699710161.013999 20.08072250 -9.28653898 1.07138658 0.99291430 -0.11767669 -0.00501611 0.01575528
1699710161.113001 20.38430131 -9.36904571 1.06814426 0.99341419 -0.11318356 0.00228534 0.01767762
1699710161.215003 20.71362883 -9.46227030 1.06542218 0.99393130 -0.10642124 0.01512968 0.02337060
1699710161.314005 21.02533295 -9.54406146 1.09794645 0.99465893 -0.09562092 0.02248059 0.03169961
1699710161.413007 21.33639051 -9.62086190 1.15497462 0.99542417 -0.08128430 0.03055680 0.03987325
1699710161.515009 21.65458989 -9.68915186 1.24737690 0.99609798 -0.06555361 0.03349755 0.04867696
1699710161.614011 21.97744725 -9.74744643 1.37304160 0.99660371 -0.04991172 0.03313201 0.05649894
1699710161.713013 22.28016676 -9.78769995 1.51831493 0.99704481 -0.03518944 0.03170989 0.06047996
1699710161.815016 22.55246661 -9.81201053 1.67519522 0.99750284 -0.02121786 0.02921412 0.06069942
1699710161.914018 22.79681779 -9.81248108 1.81787382 0.99796328 -0.00789049 0.02622146 0.05761489
1699710162.013020 23.04173621 -9.80688338 1.96628268 0.99835398 0.00422692 0.02136999 0.05305452
1699710162.115022 23.26119181 -9.78703585 2.11327651 0.99860406 0.01504404 0.01551450 0.04819649
1699710162.214024 23.50327082 -9.76176389 2.26601581 0.99878266 0.02489138 0.00692096 0.04202051
1699710162.313026 23.74224681 -9.72739573 2.41648131 0.99883638 0.03363369 -0.00184888 0.03451445
1699710162.415029 23.98519204 -9.69076314 2.57230063 0.99869224 0.04202455 -0.01063993 0.02710230
1699710162.514031 24.22968937 -9.65229287 2.72422498 0.99833749 0.05048806 -0.01751685 0.02159550
1699710162.613033 24.47679144 -9.61113187 2.88049101 0.99784766 0.05805318 -0.02375925 0.01911469
1699710162.715035 24.73447103 -9.56288698 3.04262684 0.99734127 0.06478205 -0.02753271 0.01885819
1699710162.814037 24.98869543 -9.50619726 3.21294163 0.99679981 0.07057744 -0.03066883 0.02164246
1699710162.913039 25.24964522 -9.44534118 3.41271797 0.99626906 0.07511989 -0.03462614 0.02461696
1699710163.015041 25.52238685 -9.37902809 3.63796020 0.99594519 0.07864107 -0.03607158 0.02464952
1699710163.114043 25.79790572 -9.31417197 3.86739609 0.99580168 0.08098716 -0.03679515 0.02159184
1699710163.213046 26.07527511 -9.24858331 4.08841890 0.99577159 0.08277831 -0.03693307 0.01492086
1699710163.315048 26.37192945 -9.17681604 4.29732734 0.99574355 0.08455841 -0.03613971 0.00621176
1699710163.414050 26.65978416 -9.10779828 4.46718299 0.99563472 0.08666617 -0.03456124 -0.00244880
1699710163.513052 26.95055570 -9.02971430 4.63452543 0.99545013 0.08905550 -0.03288522 -0.00816844
1699710163.615054 27.25655740 -8.95313657 4.77656626 0.99514131 0.09191175 -0.03262167 -0.01348416
1699710163.714056 27.56227788 -8.87324064 4.91789842 0.99484845 0.09492039 -0.03077668 -0.01787381
1699710163.813058 27.87346153 -8.79891418 5.04346387 0.99454465 0.09788998 -0.02910390 -0.02124724
1699710163.915061 28.19942668 -8.72725577 5.17787360 0.99425610 0.10092750 -0.02460752 -0.02574709
1699710164.014063 28.51598687 -8.66443399 5.31615007 0.99385444 0.10461107 -0.02093726 -0.02952121
1699710164.113065 28.85165347 -8.60573664 5.46149376 0.99343975 0.10868516 -0.01547631 -0.03202324
1699710164.215067 29.18075855 -8.55579450 5.58930580 0.99299432 0.11320971 -0.01126820 -0.03191980
1699710164.314069 29.50153147 -8.50920792 5.70182455 0.99264410 0.11737193 -0.00557083 -0.02916303
1699710164.413071 29.82545405 -8.46946823 5.80677666 0.99230015 0.12148035 -0.00232572 -0.02403177
1699710164.515073 30.17518361 -8.42679939 5.91799895 0.99198977 0.12511659 0.00090827 -0.01735854
1699710164.614075 30.49860882 -8.39326723 6.02762887 0.99172055 0.12799752 0.00272634 -0.00997799
1699710164.713078 30.82195087 -8.36568510 6.14038539 0.99147893 0.13014114 0.00496690 -0.00285293
1699710164.815080 31.14930106 -8.33603369 6.26819743 0.99129029 0.13156347 0.00442856 0.00387281
1699710164.914082 31.45744252 -8.31344188 6.40625343 0.99116303 0.13206551 0.00505260 0.01135839
1699710165.013084 31.78013059 -8.28306092 6.56254180 0.99107955 0.13171490 0.00354571 0.01999863
1699710165.115086 32.09633956 -8.25675645 6.72655821 0.99103869 0.13041028 0.00360633 0.02867864
1699710165.214088 32.40807335 -8.22230518 6.87613521 0.99116764 0.12794264 0.00385042 0.03467813
1699710165.313090 32.71923029 -8.18026931 7.01327765 0.99150097 0.12439482 0.00508363 0.03776119
1699710165.415092 33.02973015 -8.13472803 7.14345930 0.99201222 0.12088452 0.00368644 0.03584831
1699710165.514095 33.33905713 -8.07869136 7.29445953 0.99253507 0.11727208 0.00282392 0.03336785
1699710165.613097 33.64879865 -8.01680410 7.48121711 0.99309382 0.11304344 0.00185049 0.03134363
1699710165.715099 33.96619844 -7.93687294 7.70905342 0.99366485 0.10862598 0.00177171 0.02876489
1699710165.814101 34.26146211 -7.86083405 7.96153895 0.99429727 0.10399593 0.00247678 0.02348722
1699710165.913103 34.56685790 -7.77532163 8.23374583 0.99485806 0.09979324 0.00322628 0.01698080
1699710166.015105 34.87358388 -7.68741295 8.51744025 0.99525044 0.09664442 0.00332766 0.01119585
1699710166.114107 35.17618259 -7.60923641 8.79842902 0.99546491 0.09468436 0.00425342 0.00814851
1699710166.213109 35.47185257 -7.52939901 9.07694221 0.99553462 0.09402637 0.00240144 0.00800550
1699710166.315112 35.76834170 -7.44917305 9.35822117 0.99541104 0.09488575 0.00240056 0.01215694
1699710166.414114 36.06257941 -7.35415308 9.60765745 0.99520721 0.09546465 0.00110050 0.02116346
1699710166.513116 36.35410096 -7.26297526 9.83712787 0.99492181 0.09503420 -0.00131495 0.03312661
1699710166.615118 36.64324476 -7.16779400 10.04402969 0.99471568 0.09262975 -0.00458191 0.04403926
1699710166.714120 36.92683271 -7.06716620 10.23483023 0.99488158 0.08743919 -0.00629722 0.05025315
1699710166.813122 37.22219112 -6.95394209 10.41064956 0.99561882 0.07931781 -0.00920534 0.04865305
1699710166.915124 37.51461262 -6.84024545 10.60451881 0.99687364 0.06875968 -0.01010854 0.03758820
1699710167.014127 37.80718870 -6.72163258 10.79269966 0.99812661 0.05708253 -0.01078744 0.01919598
1699710167.113129 38.10495579 -6.59880091 10.97726051 0.99881181 0.04759045 -0.01040903 -0.00133300
1699710167.215131 38.42136484 -6.45604538 11.14938466 0.99889022 0.04183669 -0.01077782 -0.01875763
1699710167.314133 38.72307242 -6.31995711 11.29702207 0.99867820 0.04083869 -0.00989145 -0.02960094
1699710167.413135 39.02517184 -6.19028026 11.41973574 0.99843465 0.04413377 -0.00939602 -0.03304809
1699710167.515137 39.32234507 -6.07389685 11.51855603 0.99821447 0.05000191 -0.00762536 -0.03177306
1699710167.614139 39.62196686 -5.95941048 11.58740429 0.99800919 0.05656557 -0.00675268 -0.02706267
1699710167.713141 39.91534781 -5.84620704 11.63283346 0.99781612 0.06183776 -0.00710172 -0.02210559
1699710167.815144 40.21999439 -5.74171198 11.65912306 0.99763876 0.06547463 -0.00661674 -0.01965165
1699710167.914146 40.51715319 -5.63969147 11.67453122 0.99748571 0.06790240 -0.00639085 -0.01925285
1699710168.013148 40.82453853 -5.54191617 11.68158123 0.99740921 0.06880994 -0.00603668 -0.02009005
1699710168.115150 41.13144216 -5.44619976 11.68612167 0.99743758 0.06778069 -0.00685343 -0.02184234
1699710168.214152 41.43552628 -5.36712829 11.68005980 0.99755512 0.06509228 -0.00494989 -0.02494537
1699710168.313154 41.74629092 -5.29154671 11.68267658 0.99767468 0.06174828 -0.00469837 -0.02846599
1699710168.415156 42.04728200 -5.21682691 11.69029211 0.99778608 0.05825556 -0.00297164 -0.03194353
1699710168.514158 42.36410158 -5.15407203 11.70370300 0.99787911 0.05504821 -0.00251670 -0.03465026
1699710168.613161 42.67399238 -5.09485230 11.73066798 0.99795298 0.05212587 -0.00138381 -0.03702459
1699710168.715163 42.98595563 -5.03988991 11.75523804 0.99802238 0.04984786 -0.00080994 -0.03828658
1699710168.814165 43.30110620 -4.99808641 11.77232068 0.99808338 0.04830655 0.00150716 -0.03864931
1699710168.913167 43.61251653 -4.95956022 11.78799553 0.99815791 0.04737392 0.00188858 -0.03785411
1699710169.015169 43.91986155 -4.93406619 11.79883368 0.99825444 0.04683922 0.00359023 -0.03579476
1699710169.114172 44.21666027 -4.91684928 11.81304055 0.99837597 0.04662956 0.00380790 -0.03250543
1699710169.213173 44.51623370 -4.92522846 11.83113271 0.99849924 0.04671756 0.00435743 -0.02824437
1699710169.315176 44.83119128 -4.89960513 11.82495406 0.99864926 0.04645958 0.00394319 -0.02292643
1699710169.414178 45.13382560 -4.89916122 11.81432293 0.99879496 0.04628922 0.00341143 -0.01594660
1699710169.513180 45.43974376 -4.89955073 11.79267634 0.99889117 0.04596578 0.00164164 -0.01004449
1699710169.615182 45.76025783 -4.89717252 11.78286936 0.99895511 0.04544352 0.00196750 -0.00443807
1699710169.714184 46.06625813 -4.89529248 11.77955905 0.99899525 0.04477571 0.00173190 0.00079440
1699710169.813186 46.36409999 -4.89555347 11.77935108 0.99901324 0.04402290 0.00233326 0.00539258
1699710169.915189 46.65768307 -4.90343078 11.77345826 0.99903375 0.04304850 0.00123008 0.00876836
1699710170.014191 46.95115946 -4.90592843 11.77425761 0.99905198 0.04192133 0.00211386 0.01154436
1699710170.113193 47.24757684 -4.91055489 11.76975123 0.99907790 0.04068847 0.00097897 0.01366924
1699710170.215195 47.54704826 -4.91010703 11.76617660 0.99910752 0.03924745 0.00110641 0.01557520
1699710170.314197 47.83594943 -4.91053420 11.76576438 0.99915147 0.03753706 0.00202448 0.01682916
1699710170.413199 48.12215245 -4.90778022 11.76639321 0.99919661 0.03526788 0.00842028 0.01707094
1699710170.515201 48.40964175 -4.92671927 11.73811077 0.99934607 0.03124653 0.01054945 0.01482556
1699710170.614203 48.68677634 -4.93984628 11.71563224 0.99954855 0.02528539 0.01251121 0.01033518
1699710170.713206 48.94570201 -4.92620606 11.66245602 0.99976353 0.01841851 0.01038661 0.00507473
1699710170.815208 49.22463136 -4.91536182 11.59090496 0.99989056 0.01172855 0.00900950 0.00036646
1699710170.914210 49.48948265 -4.90597204 11.49404120 0.99996733 0.00524412 0.00530567 -0.00311394
1699710171.013212 49.76069569 -4.89591136 11.38672808 0.99999432 -0.00081349 0.00114625 -0.00306190
1699710171.115214 50.02291397 -4.88693682 11.26949274 0.99997054 -0.00674043 -0.00282714 0.00234276
1699710171.214216 50.29574336 -4.88067725 11.13373642 0.99982130 -0.01322209 -0.00734890 0.01133775
1699710171.313218 50.56620088 -4.87529182 10.99464375 0.99951995 -0.01977295 -0.01319003 0.01987248
1699710171.415220 50.83933226 -4.86990223 10.85658095 0.99911810 -0.02655928 -0.01667297 0.02792212
1699710171.514223 51.10989483 -4.86180611 10.73803998 0.99871573 -0.03413282 -0.01786764 0.03290277
1699710171.613225 51.40746348 -4.85069939 10.62871392 0.99841780 -0.04202341 -0.01954205 0.03184393
1699710171.715227 51.71636307 -4.82436858 10.51731811 0.99817357 -0.05066238 -0.02143228 0.02497018
1699710171.814229 51.97688536 -4.79708771 10.42964463 0.99787510 -0.05902832 -0.02313637 0.01502147
1699710171.916231 52.26731506 -4.77018887 10.31877671 0.99754961 -0.06555922 -0.02424444 0.00299656
1699710172.015233 52.55290001 -4.74909807 10.20504570 0.99712617 -0.07042169 -0.02648260 -0.00887979
1699710172.114235 52.84388599 -4.73090863 10.08792634 0.99678964 -0.07321193 -0.02665149 -0.01844267
1699710172.213238 53.13893168 -4.71276670 9.96588704 0.99654777 -0.07435092 -0.02687122 -0.02534602
1699710172.315240 53.44338852 -4.70624123 9.85644340 0.99650951 -0.07390214 -0.02551039 -0.02926577
1699710172.414242 53.74546945 -4.70284882 9.75226042 0.99666736 -0.07216797 -0.02298041 -0.03029630
1699710172.513244 54.05581575 -4.71117456 9.66763112 0.99693938 -0.06974558 -0.02007548 -0.02905841
1699710172.615246 54.38217667 -4.72650571 9.60962264 0.99724899 -0.06682190 -0.01796273 -0.02658256
1699710172.714248 54.70197298 -4.75180994 9.57718094 0.99761497 -0.06347227 -0.01369938 -0.02340869
1699710172.813250 55.01627844 -4.77821198 9.54695580 0.99795289 -0.05993840 -0.01305370 -0.01808352
1699710172.915252 55.33183248 -4.81621126 9.50228009 0.99827060 -0.05676722 -0.01058542 -0.01101060
1699710173.014255 55.65477299 -4.85095571 9.42204195 0.99847049 -0.05426699 -0.00811321 -0.00677866
1699710173.113257 55.96399057 -4.88927693 9.32218721 0.99857205 -0.05225620 -0.00831500 -0.00734869
1699710173.215259 56.29110348 -4.92765558 9.19194667 0.99864797 -0.05019946 -0.00873992 -0.01028835
1699710173.314261 56.60779880 -4.96815006 9.07984959 0.99876919 -0.04788910 -0.00567566 -0.01159844
1699710173.413263 56.91757827 -5.01198980 8.98717897 0.99892531 -0.04543684 -0.00406177 -0.00819929
1699710173.515265 57.24131697 -5.05959383 8.91706408 0.99907181 -0.04302266 -0.00213640 0.00008812
1699710173.614267 57.56611776 -5.11063908 8.87026680 0.99907482 -0.04128877 0.00129655 0.01196060
1699710173.713269 57.89510505 -5.15536368 8.86000289 0.99893050 -0.04008526 0.00326219 0.02281212
1699710173.815272 58.21166360 -5.19694756 8.86800670 0.99872059 -0.04034404 0.00596857 0.02989860
1699710173.914274 58.51641170 -5.23061535 8.89701240 0.99854736 -0.04191143 0.00862806 0.03274394
1699710174.013276 58.82694989 -5.26375122 8.90405445 0.99848892 -0.04419588 0.00730450 0.03183152
1699710174.115278 59.14180359 -5.29099848 8.87687026 0.99844473 -0.04653047 0.00629901 0.03005583
1699710174.214280 59.43620540 -5.31504377 8.80798701 0.99831286 -0.04925674 0.00626092 0.03010000
1699710174.313282 59.74871295 -5.34075091 8.68781663 0.99813524 -0.05194072 0.00660557 0.03137786
1699710174.415284 60.06220550 -5.36076266 8.53499856 0.99792580 -0.05499654 0.00614634 0.03288922
1699710174.514287 60.35446300 -5.37170636 8.37099547 0.99770042 -0.05872311 0.00659540 0.03319584
1699710174.613289 60.66734261 -5.38152583 8.20944419 0.99746669 -0.06314988 0.00584912 0.03221914
1699710174.715291 60.97946151 -5.38398079 8.06580494 0.99723640 -0.06758946 0.00587150 0.03027804
1699710174.814293 61.29578045 -5.37024760 7.94174497 0.99700559 -0.07257487 0.00547009 0.02613093
1699710174.913295 61.60522895 -5.35635126 7.85578304 0.99686093 -0.07713186 0.00525421 0.01706935
1699710175.015297 61.90654180 -5.33693518 7.81297304 0.99674731 -0.08039128 0.00376465 0.00422804
1699710175.114299 62.19727721 -5.32674010 7.79842131 0.99658136 -0.08190776 0.00434052 -0.00989333
1699710175.213301 62.48045034 -5.31461878 7.79448564 0.99641751 -0.08162878 0.00212074 -0.02200880
1699710175.315304 62.77379177 -5.30826484 7.78345563 0.99632873 -0.07976703 0.00162827 -0.03104242
1699710175.414306 63.07118918 -5.30461194 7.75088323 0.99644516 -0.07643034 0.00011968 -0.03543202
1699710175.513308 63.36564837 -5.30506545 7.69593026 0.99677316 -0.07243431 -0.00104420 -0.03457519
1699710175.615310 63.66098318 -5.31946953 7.61911097 0.99724136 -0.06819437 -0.00325055 -0.02913128
1699710175.714312 63.95136126 -5.33113986 7.51975005 0.99767174 -0.06462546 -0.00270101 -0.02161851
1699710175.813314 64.25294932 -5.35939811 7.42400069 0.99798066 -0.06164360 -0.00382535 -0.01483328
1699710175.915317 64.54272317 -5.38457809 7.34665793 0.99816075 -0.05938039 -0.00647494 -0.01035158
1699710176.014319 64.82996866 -5.42003210 7.28892416 0.99825753 -0.05806510 -0.00804841 -0.00675135
1699710176.113321 65.12446580 -5.44918405 7.22512853 0.99828546 -0.05764672 -0.00914597 -0.00439741
1699710176.215323 65.43495827 -5.48191730 7.12456519 0.99834095 -0.05643165 -0.01037451 -0.00481560
1699710176.314325 65.72928323 -5.51536809 7.01546948 0.99840719 -0.05502828 -0.01061926 -0.00649585
1699710176.413327 66.02663388 -5.55308592 6.91326399 0.99846997 -0.05327630 -0.01072614 -0.01021254
1699710176.515329 66.32193065 -5.59479352 6.82674478 0.99855250 -0.05086145 -0.00950548 -0.01468538
1699710176.614331 66.62076260 -5.64001878 6.76679539 0.99867632 -0.04750251 -0.00929738 -0.01739762
1699710176.713334 66.91841664 -5.69153126 6.72231501 0.99888125 -0.04374493 -0.01000024 -0.01492081
1699710176.815336 67.21449344 -5.74640274 6.66812498 0.99909643 -0.04015469 -0.01141187 -0.00798141
1699710176.914338 67.51454748 -5.79956106 6.59821604 0.99922056 -0.03719461 -0.01294209 0.00270711
1699710177.013340 67.79812527 -5.84847026 6.51997316 0.99916261 -0.03544276 -0.01372397 0.01515080
1699710177.115342 68.10733673 -5.89982480 6.43758680 0.99893298 -0.03451504 -0.01244766 0.02804746
1699710177.214344 68.38503525 -5.94695997 6.36291504 0.99856589 -0.03525815 -0.01262480 0.03825748
1699710177.316346 68.69408676 -5.99520881 6.28258206 0.99821344 -0.03760389 -0.01044774 0.04524062
1699710177.415349 68.97936653 -6.03077682 6.20393887 0.99792598 -0.04119793 -0.00956413 0.04852838
1699710177.514351 69.29268618 -6.05754212 6.12420588 0.99775786 -0.04506386 -0.00766980 0.04888438
1699710177.613353 69.59769281 -6.07951317 6.02852519 0.99743191 -0.04945301 -0.00930623 0.05096449
1699710177.715355 69.90642335 -6.09063862 5.89946627 0.99703268 -0.05459821 -0.00905331 0.05350615
1699710177.814357 70.23262681 -6.09779604 5.74573218 0.99667550 -0.06023388 -0.00829965 0.05423052
1699710177.913359 70.54729178 -6.08317335 5.59695809 0.99636046 -0.06640980 -0.00773325 0.05287512
1699710178.015361 70.87164170 -6.06336638 5.46841654 0.99612324 -0.07326907 -0.00465922 0.04846058
1699710178.114363 71.18296983 -6.03256858 5.35839458 0.99602936 -0.08058241 -0.00326732 0.03770023
1699710178.213366 71.49466517 -5.99123956 5.25363392 0.99601311 -0.08680444 -0.00313164 0.02032401
1699710178.315368 71.80410290 -5.94820497 5.15301121 0.99581806 -0.09129947 -0.00323641 -0.00056936
1699710178.414370 72.11866547 -5.90873700 5.07444846 0.99539159 -0.09353504 -0.00198042 -0.02104399
1699710178.513372 72.42882733 -5.87001949 5.01274910 0.99495221 -0.09359676 -0.00080958 -0.03618128
1699710178.615374 72.73804619 -5.84629616 4.98324445 0.99482831 -0.09165073 0.00180168 -0.04374388
1699710178.714376 73.04374986 -5.83378576 4.98033673 0.99514099 -0.08830663 0.00340874 -0.04341345
1699710178.813378 73.34759460 -5.83110880 4.99580369 0.99570239 -0.08433961 0.00463519 -0.03797482
1699710178.915380 73.65201895 -5.84211701 5.00978531 0.99633532 -0.08013746 0.00491409 -0.02949177
1699710179.014383 73.95171800 -5.86065396 5.01087052 0.99684827 -0.07638021 0.00579691 -0.02063927
1699710179.113385 74.25927693 -5.88494227 4.99263148 0.99719689 -0.07363063 0.00464914 -0.01246130
1699710179.215387 74.56137288 -5.91172922 4.96739012 0.99734046 -0.07251617 0.00472180 -0.00557808
1699710179.314389 74.85482126 -5.94175956 4.94028157 0.99731929 -0.07298533 0.00518755 -0.00067660
1699710179.413391 75.15501459 -5.96986602 4.91421315 0.99716925 -0.07486234 0.00663840 0.00224833
1699710179.515393 75.45300130 -5.99602619 4.88742563 0.99693349 -0.07785163 0.00712114 0.00346966
1699710179.614395 75.75597770 -6.01791006 4.85720395 0.99661765 -0.08156804 0.00959952 0.00278765
1699710179.713398 76.04203799 -6.03755395 4.81724509 0.99626087 -0.08570784 0.01086442 0.00064059
1699710179.815400 76.33294473 -6.05728513 4.76335956 0.99583571 -0.09004055 0.01404600 -0.00257877
1699710179.914402 76.60198086 -6.08198335 4.70577386 0.99536181 -0.09447745 0.01677071 -0.00690145
1699710180.013404 76.89808184 -6.09102655 4.63638947 0.99488877 -0.09877833 0.01722747 -0.01193304
1699710180.115406 77.18871725 -6.10687108 4.54833473 0.99443380 -0.10276567 0.01621672 -0.01666270
1699710180.214408 77.46212345 -6.13346005 4.44970864 0.99397013 -0.10643851 0.01513414 -0.02156809
1699710180.313410 77.72330144 -6.16354165 4.34111571 0.99354420 -0.10962426 0.01162654 -0.02678182
1699710180.415412 77.99746656 -6.20734893 4.21909616 0.99314588 -0.11228047 0.00781448 -0.03151637
1699710180.514415 78.26129656 -6.26289085 4.08583607 0.99281062 -0.11442500 0.00310243 -0.03499083
1699710180.613417 78.50985205 -6.32327781 3.93469133 0.99253516 -0.11619523 -0.00193624 -0.03699842
1699710180.715419 78.76099714 -6.38598702 3.76400237 0.99232924 -0.11756979 -0.00694024 -0.03757458
1699710180.814421 79.00120270 -6.45043085 3.57349616 0.99223063 -0.11842494 -0.01155842 -0.03633597
1699710180.913423 79.25194232 -6.52405407 3.37838731 0.99222094 -0.11870930 -0.01608924 -0.03386508
1699710181.015425 79.51318702 -6.60827179 3.18692321 0.99227580 -0.11824416 -0.02127307 -0.03089518
1699710181.114427 79.77137703 -6.69688748 3.01065564 0.99245103 -0.11720896 -0.02424830 -0.02674003
1699710181.213429 80.03892334 -6.79265053 2.83126863 0.99271734 -0.11535407 -0.02678806 -0.02209333
1699710181.315432 80.31544391 -6.89075792 2.65130506 0.99312460 -0.11263629 -0.02722380 -0.01659680
1699710181.414434 80.59022619 -6.99468282 2.48007522 0.99362930 -0.10890536 -0.02706553 -0.01038676
1699710181.513436 80.87169757 -7.10554402 2.31354609 0.99419863 -0.10427004 -0.02610854 -0.00389762
1699710181.615438 81.16398073 -7.21774576 2.14761006 0.99461379 -0.09974590 -0.02808189 0.00235862
1699710181.714440 81.45500150 -7.32573621 1.99178826 0.99486077 -0.09720823 -0.02679646 0.00919584
1699710181.813442 81.74953787 -7.43322400 1.83712899 0.99491009 -0.09604829 -0.02639744 0.01522575
1699710181.915444 82.05336975 -7.53951193 1.66891169 0.99492120 -0.09594820 -0.02355262 0.01926196
1699710182.014446 82.36061451 -7.63731571 1.51785667 0.99491290 -0.09623682 -0.02193360 0.02014251
1699710182.113449 82.67940917 -7.73673212 1.36593418 0.99493578 -0.09656499 -0.01988627 0.01955826
1699710182.215451 83.00820908 -7.82593159 1.23895671 0.99499213 -0.09708509 -0.01582130 0.01774331
1699710182.314453 83.33164801 -7.91237076 1.13127978 0.99514824 -0.09652209 -0.01122406 0.01541071
1699710182.413455 83.66240490 -7.98695046 1.05587223 0.99543222 -0.09428171 -0.00774561 0.01287111
1699710182.515457 83.98984586 -8.07856096 0.99257977 0.99575491 -0.09120595 -0.00396620 0.01174352
1699710182.614459 84.30762795 -8.16673367 0.94654070 0.99608733 -0.08765461 -0.00062478 0.01123899
1699710182.713461 84.63132408 -8.24346481 0.91815157 0.99641872 -0.08364821 0.00251264 0.01209932
1699710182.815464 84.95090898 -8.32968434 0.88758275 0.99669551 -0.07977699 0.00423797 0.01468795
1699710182.914466 85.27800858 -8.40279055 0.85877714 0.99686833 -0.07659501 0.00811917 0.01791134
1699710183.013468 85.60132629 -8.47138586 0.83833150 0.99701365 -0.07396365 0.00802113 0.02070803
1699710183.115470 85.93713589 -8.53707981 0.81344580 0.99709035 -0.07191146 0.01027510 0.02310819
1699710183.214472 86.25002964 -8.60065512 0.80683762 0.99716379 -0.07014838 0.01191338 0.02452869
1699710183.313474 86.56515372 -8.65832961 0.80546267 0.99721573 -0.06901964 0.01304834 0.02503620
1699710183.415477 86.88861486 -8.70501520 0.80945450 0.99726784 -0.06821076 0.01378908 0.02477934
1699710183.514479 87.19821994 -8.75131045 0.80842904 0.99733611 -0.06738617 0.01488367 0.02362761
1699710183.613481 87.49871418 -8.79884083 0.80262434 0.99743119 -0.06680203 0.01405396 0.02170252
1699710183.712483 87.80161306 -8.83654726 0.79371269 0.99749907 -0.06671236 0.01346445 0.01907264
1699710183.814485 88.10072566 -8.88230347 0.77577674 0.99738345 -0.06921095 0.01297807 0.01636064
1699710183.913487 88.39189277 -8.91766872 0.76096469 0.99712013 -0.07383793 0.01100480 0.01335260
1699710184.015489 88.68426182 -8.95106341 0.75377347 0.99669965 -0.07991602 0.00930927 0.01079671
1699710184.114491 88.97793134 -8.98033365 0.74917984 0.99617963 -0.08660745 0.00683550 0.00886372
1699710184.213494 89.27457363 -9.00894229 0.75047977 0.99559976 -0.09328633 0.00505945 0.00729283
1699710184.315496 89.56580823 -9.02898354 0.75529336 0.99494606 -0.10023949 0.00269072 0.00520984
1699710184.414498 89.83514873 -9.04747929 0.76918001 0.99423961 -0.10703588 0.00372499 0.00412741
1699710184.513500 90.11046195 -9.06332031 0.77555581 0.99358451 -0.11268655 0.00898481 0.00329044
1699710184.615502 90.39362686 -9.07957432 0.78620548 0.99298824 -0.11504903 0.02647992 -0.00607425
1699710184.714504 90.65986773 -9.09740059 0.83845546 0.99165831 -0.11805008 0.04903112 -0.01655075
1699710184.813506 90.91641072 -9.11540980 0.90376288 0.98910017 -0.12500973 0.07394043 -0.02421243
1699710184.912508 91.15259583 -9.14066091 0.97648474 0.98498953 -0.13769669 0.09921725 -0.03148312
1699710185.014511 91.37522538 -9.16859709 1.06153563 0.97886117 -0.15755428 0.12398415 -0.04043990
1699710185.113513 91.55224339 -9.20319029 1.15488583 0.97119943 -0.18377651 0.14292313 -0.05070338
1699710185.215515 91.70835302 -9.24057914 1.25855986 0.96204777 -0.21393945 0.15743166 -0.06252414
1699710185.314517 91.81819053 -9.28775487 1.36697518 0.95268856 -0.24431980 0.16481850 -0.07434519
1699710185.413519 91.88774193 -9.34175764 1.47719918 0.94470776 -0.27040922 0.16505170 -0.08464058
1699710185.515521 91.93071771 -9.40094318 1.58774671 0.93885338 -0.29140714 0.15845841 -0.09234249
1699710185.614523 91.94368802 -9.46864332 1.68808517 0.93546050 -0.30751165 0.14511414 -0.09639571
1699710185.713526 91.92483184 -9.54159158 1.78226039 0.93450686 -0.31832089 0.12668641 -0.09653645
1699710185.815528 91.87085775 -9.62581425 1.86970361 0.93549028 -0.32470497 0.10404691 -0.09273004
1699710185.914530 91.79397798 -9.71991827 1.94322491 0.93780180 -0.32744196 0.07805242 -0.08495511
1699710186.013532 91.69396045 -9.82582759 2.01753716 0.94077441 -0.32699381 0.05017232 -0.07417068
1699710186.112534 91.57777631 -9.94163925 2.09531100 0.94374385 -0.32441754 0.02098331 -0.06050208
1699710186.214536 91.44996814 -10.06987716 2.19071930 0.94624151 -0.32027561 -0.00897806 -0.04438398
1699710186.313538 91.31965369 -10.20546147 2.29907762 0.94783015 -0.31534921 -0.03763896 -0.02749881
1699710186.415540 91.19132322 -10.35960939 2.42924452 0.94865864 -0.30953241 -0.06406630 -0.01148855
1699710186.514543 91.08011435 -10.51803456 2.56670932 0.94843088 -0.30417274 -0.08904918 0.00529621
1699710186.613545 90.98970604 -10.68071192 2.71843379 0.94701676 -0.30102792 -0.11019806 0.01994566
1699710186.715547 90.92506196 -10.84739365 2.88666892 0.94434574 -0.30075094 -0.12865615 0.03475031
1699710186.814549 90.89209571 -11.01236063 3.06043563 0.94040195 -0.30490174 -0.14287889 0.04758908
1699710186.913551 90.89460477 -11.17312655 3.23043297 0.93537929 -0.31363012 -0.15236237 0.05905447
1699710187.015553 90.93061926 -11.33239979 3.39403974 0.93014489 -0.32711178 -0.15240761 0.06782537
1699710187.114555 90.99266909 -11.49079629 3.53867842 0.92406276 -0.34547036 -0.14551369 0.07472620
1699710187.213557 91.08399499 -11.64461678 3.65917517 0.91694580 -0.36793313 -0.13407467 0.07654804
1699710187.315560 91.20033519 -11.79460567 3.76608581 0.90858323 -0.39321209 -0.11933139 0.07497189
1699710187.414562 91.33646362 -11.93997370 3.86413823 0.89856917 -0.42069959 -0.10400166 0.06905760
1699710187.513564 91.49828142 -12.08604628 3.95764201 0.88685511 -0.44776436 -0.09666071 0.06043020
1699710187.615566 91.68902141 -12.23364020 4.05610205 0.87622459 -0.47250071 -0.08378934 0.04419147
1699710187.714568 91.89563675 -12.37984674 4.16578437 0.86731805 -0.49220939 -0.07002469 0.02420453
1699710187.813570 92.12382744 -12.53099201 4.30765173 0.86100124 -0.50523102 -0.05837123 0.00335728
1699710187.912572 92.36402963 -12.68578612 4.48428489 0.85724977 -0.51221884 -0.05033495 -0.01486898
1699710188.014575 92.61951110 -12.84829982 4.69793753 0.85597207 -0.51398281 -0.04804372 -0.02872789
1699710188.113577 92.87519438 -13.01644739 4.94027103 0.85705053 -0.51172533 -0.04663299 -0.03777477
1699710188.215579 93.14586239 -13.20612666 5.22361286 0.85987114 -0.50625080 -0.04883469 -0.04412405
1699710188.314581 93.41428970 -13.39601133 5.51589344 0.86435526 -0.49797141 -0.05065642 -0.04846010
1699710188.413583 93.68299344 -13.60082644 5.82401373 0.87016538 -0.48729143 -0.05197994 -0.05154953
1699710188.515585 93.95822974 -13.82688203 6.15544544 0.87692787 -0.47439327 -0.05374111 -0.05532114
1699710188.614587 94.23185653 -14.06698792 6.47289834 0.88416098 -0.46050352 -0.05480765 -0.05649777
1699710188.713589 94.51396583 -14.32819550 6.78743913 0.89045971 -0.44835503 -0.05464066 -0.05544073
1699710188.815592 94.80041368 -14.61629899 7.09707096 0.89620160 -0.43703816 -0.05324838 -0.05463474
1699710188.914594 95.08418880 -14.91729677 7.38491651 0.90158751 -0.42670347 -0.04932901 -0.05129094
1699710189.013596 95.37179656 -15.23109261 7.65617705 0.90626178 -0.41776363 -0.04525338 -0.04599214
1699710189.115598 95.67133306 -15.56320630 7.91615087 0.91045354 -0.40972904 -0.04119262 -0.03872502
1699710189.214600 95.96653248 -15.89473147 8.16648722 0.91429540 -0.40253651 -0.03460356 -0.02882474
1699710189.313602 96.25988240 -16.23541840 8.41724006 0.91717330 -0.39698895 -0.02889660 -0.01891814
1699710189.415605 96.56189166 -16.58906468 8.68201209 0.91898493 -0.39341631 -0.02381077 -0.01110620
1699710189.514606 96.86500493 -16.92925467 8.92703358 0.92004932 -0.39142759 -0.01656555 -0.00438982
1699710189.613609 97.17370613 -17.27050826 9.14311950 0.92048444 -0.39067598 -0.00898112 0.00013754
1699710189.712611 97.48303994 -17.61464810 9.30828859 0.92033323 -0.39112362 -0.00052368 0.00296576
1699710189.814613 97.79626120 -17.96550602 9.42186988 0.91980957 -0.39224073 0.00893169 0.00421638
1699710189.913615 98.10083859 -18.30911924 9.48413233 0.91887354 -0.39301387 0.03226449 0.01305817
1699710190.015617 98.40330748 -18.65079833 9.49143879 0.91758357 -0.39487863 0.04274541 0.01685485
1699710190.114619 98.69329418 -18.98169055 9.45306048 0.91634294 -0.39724620 0.04660905 0.01840276
1699710190.213622 98.98663702 -19.31633577 9.40567655 0.91519512 -0.39989095 0.04659911 0.01826594
1699710190.315624 99.27799459 -19.64765070 9.37317221 0.91415754 -0.40263155 0.04375862 0.01700028
1699710190.414626 99.55869675 -19.96607041 9.35772000 0.91331417 -0.40490529 0.04088964 0.01539368
1699710190.513628 99.83377988 -20.26759032 9.35557248 0.91245750 -0.40698099 0.03975183 0.01440776
1699710190.615630 100.09570217 -20.56032146 9.35915448 0.91173383 -0.40874350 0.03865933 0.01325237
1699710190.714632 100.35055532 -20.84232838 9.36392779 0.91111027 -0.41012090 0.03905422 0.01239755
1699710190.813634 100.60708598 -21.12539148 9.37152950 0.91066381 -0.41142215 0.03632747 0.01017665
1699710190.915637 100.84837688 -21.40055562 9.37665136 0.91030995 -0.41247357 0.03371685 0.00803266
1699710191.014639 101.07642532 -21.66441360 9.37821366 0.91011285 -0.41323101 0.03006640 0.00554507
1699710191.113641 101.30783490 -21.93136132 9.37542496 0.90994354 -0.41384590 0.02682892 0.00381172
1699710191.212643 101.53447474 -22.19333801 9.38083125 0.90991636 -0.41422223 0.02165626 0.00177914
1699710191.314645 101.75994964 -22.46167800 9.38581124 0.90987291 -0.41447751 0.01840390 0.00099006
1699710191.413647 101.97386056 -22.71839900 9.39020102 0.90989766 -0.41450531 0.01643592 0.00120846
1699710191.512649 102.18591063 -22.97590975 9.38985671 0.90998071 -0.41441758 0.01374740 0.00204530
1699710191.614651 102.39930357 -23.23818161 9.38713609 0.90987205 -0.41473698 0.01087474 0.00279812
1699710191.713654 102.60433374 -23.48997654 9.36442812 0.90851366 -0.41753557 0.01596812 0.00346260
1699710191.812656 102.80921504 -23.73982680 9.30755170 0.90482832 -0.42516269 0.02271233 -0.00255994
1699710191.914658 103.01263194 -23.99563271 9.19256582 0.89883684 -0.43666883 0.03541020 -0.01260147
1699710192.013660 103.19149184 -24.22223559 9.03993380 0.89144726 -0.44973920 0.04904041 -0.02552397
1699710192.115662 103.37035016 -24.45645927 8.85088726 0.88344245 -0.46279489 0.06132916 -0.03986297
1699710192.214664 103.53919407 -24.69850764 8.64326471 0.87560092 -0.47504641 0.06903187 -0.05374519
1699710192.313666 103.69562710 -24.94601996 8.43600489 0.86861987 -0.48595551 0.07220464 -0.06429032
1699710192.415668 103.82623974 -25.18871935 8.24086417 0.86271833 -0.49569963 0.06954605 -0.07184928
1699710192.514671 103.93818964 -25.45304135 8.06581540 0.85773102 -0.50482208 0.06314565 -0.07392429
1699710192.613673 104.02106808 -25.70785919 7.90336703 0.85363502 -0.51315285 0.05258549 -0.07222314
1699710192.712675 104.09314267 -25.96965941 7.75259850 0.84982880 -0.52114422 0.04047713 -0.06753751
1699710192.817677 104.15097383 -26.24899099 7.61100440 0.84590387 -0.52913138 0.02745447 -0.06093346
1699710192.913679 104.19741358 -26.51988736 7.46737000 0.84195010 -0.53681786 0.01664931 -0.05166632
1699710193.015681 104.23939392 -26.81391380 7.30863083 0.83764784 -0.54442920 0.00420709 -0.04387762
1699710193.114683 104.27490336 -27.10725792 7.13325303 0.83272264 -0.55256777 -0.00686697 -0.03456467
1699710193.213686 104.30784129 -27.40925125 6.94067901 0.82749471 -0.56062786 -0.01633642 -0.02611556
1699710193.315688 104.34366000 -27.72499525 6.73945480 0.82189343 -0.56891838 -0.02328839 -0.01675481
1699710193.414690 104.37489404 -28.03787598 6.54684910 0.81582487 -0.57764958 -0.02547881 -0.01007783
1699710193.513692 104.40395810 -28.35180871 6.34333126 0.80980743 -0.58621375 -0.02296447 -0.00616379
1699710193.615694 104.43468985 -28.67778438 6.13033021 0.80394593 -0.59439908 -0.01836970 -0.00481967
1699710193.714696 104.46288143 -29.00120459 5.91720840 0.79825910 -0.60216272 -0.01311963 -0.00321489
1699710193.813698 104.49435632 -29.32965827 5.71550516 0.79314562 -0.60896032 -0.00909307 -0.00216194
1699710193.915700 104.53293139 -29.66389950 5.52505028 0.78818473 -0.61540273 -0.00657013 -0.00106570
1699710194.014703 104.56998891 -29.99117002 5.36654584 0.78331240 -0.62160917 -0.00431842 0.00225306
1699710194.113705 104.61113232 -30.31479928 5.23853476 0.77852821 -0.62758785 -0.00356427 0.00382144
1699710194.215707 104.65653201 -30.64334927 5.14107555 0.77392439 -0.63325371 -0.00273141 0.00482849
1699710194.314709 104.70437697 -30.96383612 5.07742609 0.76927047 -0.63890837 0.00003481 0.00436311
1699710194.413711 104.75214337 -31.27694384 5.03799391 0.76505530 -0.64393514 0.00433925 0.00436912
1699710194.512713 104.80367604 -31.59392902 5.01884798 0.76100511 -0.64871184 0.00616737 0.00247527
1699710194.614715 104.85572515 -31.91572642 5.01516603 0.75674681 -0.65362745 0.01012528 0.00170180
1699710194.713717 104.90444967 -32.22281401 5.01758446 0.75226664 -0.65871149 0.01392000 -0.00056047
1699710194.815720 104.95247428 -32.53311142 5.02055842 0.74792318 -0.66356062 0.01668184 -0.00446548
1699710194.914722 104.99340360 -32.83674312 5.02567004 0.74338474 -0.66855241 0.01928130 -0.00671013
1699710195.013724 105.02763094 -33.13898675 5.02707064 0.73912067 -0.67317292 0.02084639 -0.01021214
1699710195.112726 105.05846708 -33.44199358 5.02794174 0.73539855 -0.67712450 0.02347943 -0.01183674
1699710195.214728 105.08951894 -33.75407417 5.03073527 0.73176743 -0.68096190 0.02524583 -0.01303721
1699710195.313730 105.11503869 -34.05259481 5.03567006 0.72649789 -0.68629287 0.03278040 -0.01132990
1699710195.415732 105.13608842 -34.35141711 5.04525148 0.71749769 -0.69479207 0.04845968 -0.01061614
1699710195.514735 105.14675870 -34.63511712 5.06762648 -0.70283327 0.70727798 -0.07536284 0.01018329
1699710195.613737 105.14427082 -34.90474521 5.10829531 -0.68219759 0.72317375 -0.10719560 0.01163089
1699710195.715739 105.12323831 -35.16537630 5.17947237 -0.65587077 0.74177209 -0.13922498 0.01497008
1699710195.814741 105.06968346 -35.39289173 5.28460758 -0.62670305 0.76117514 -0.16547672 0.02175187
1699710195.913743 104.99035950 -35.58891296 5.41368997 -0.59776462 0.77950293 -0.18458559 0.03131757
1699710196.012745 104.88269490 -35.75580270 5.55177667 -0.57073784 0.79585820 -0.19725887 0.04423782
1699710196.114747 104.75023068 -35.90540117 5.67901895 -0.54592357 0.81081082 -0.20255104 0.05938298
1699710196.213749 104.59678588 -36.02629431 5.77934441 -0.52534583 0.82391084 -0.19875460 0.07536107
1699710196.315752 104.41552168 -36.13254449 5.86666930 -0.50792614 0.83618647 -0.18560282 0.09140469
1699710196.414754 104.21109614 -36.21026886 5.93146940 -0.49240118 0.84799830 -0.16471842 0.10633814
1699710196.513756 103.98055182 -36.27031416 5.98669058 -0.47900213 0.85894082 -0.13786879 0.11734492
1699710196.612758 103.72181831 -36.31892943 6.03687246 -0.46651991 0.86925242 -0.10697619 0.12375583
1699710196.714760 103.42438072 -36.36227854 6.08243704 -0.45376294 0.87942508 -0.07409162 0.12337403
1699710196.813762 103.09996737 -36.39730717 6.13361304 -0.44096357 0.88874180 -0.04367659 0.11739463
1699710196.912764 102.74270039 -36.43159499 6.20131933 -0.42755243 0.89696607 -0.01799997 0.11102608
1699710197.014767 102.35202845 -36.46404251 6.28967207 -0.41353670 0.90504981 0.00467702 0.09924904
1699710197.113769 101.95702016 -36.50639586 6.40039897 -0.39951192 0.91245062 0.02221412 0.08561908
1699710197.215771 101.53685602 -36.57982846 6.51609879 -0.38545747 0.91932549 0.03725590 0.06982248
1699710197.314773 101.12205001 -36.67539376 6.62615463 -0.37111268 0.92581974 0.04684718 0.05420816
1699710197.413775 100.70745778 -36.78328054 6.72760339 -0.35748384 0.93169184 0.05339087 0.03612521
1699710197.512777 100.29224336 -36.90811526 6.81761978 -0.34416137 0.93706442 0.05519003 0.02042747
1699710197.614779 99.86514459 -37.04347692 6.90136577 -0.33154914 0.94196831 0.05261467 0.00160052
1699710197.713782 99.45269991 -37.18247477 6.98027648 -0.32021226 0.94612715 0.04570715 -0.01477786
1699710197.815784 99.03622787 -37.32861267 7.06299197 -0.30997541 0.94962125 0.03650805 -0.02831755
1699710197.914786 98.63631301 -37.46802571 7.14934535 -0.30083075 0.95260026 0.02596333 -0.03714175
1699710198.013788 98.24182587 -37.60371978 7.24922578 -0.29324421 0.95480790 0.01641601 -0.04560953
1699710198.112790 97.85581161 -37.74040504 7.37001642 -0.28672622 0.95667439 0.00854168 -0.04989224
1699710198.214792 97.46696145 -37.88248027 7.51195221 -0.28076378 0.95824963 0.00503520 -0.05388877
1699710198.313794 97.09533613 -38.01979036 7.65207448 -0.27553048 0.95965068 0.00655791 -0.05577202
1699710198.412796 96.73890212 -38.16160188 7.77089427 -0.27047956 0.96093883 0.01161042 -0.05746807
1699710198.514799 96.38851460 -38.30436716 7.86097680 -0.26554349 0.96220615 0.01598365 -0.05822800
1699710198.613801 96.06012875 -38.44919216 7.93127492 -0.26104181 0.96336138 0.01693782 -0.05920418
1699710198.715803 95.73441003 -38.59148823 7.99040817 -0.25643050 0.96460766 0.01693030 -0.05906628
1699710198.814805 95.42209689 -38.72564925 8.03156000 -0.25179839 0.96593607 0.01815296 -0.05688196
1699710198.913807 95.11931113 -38.86190441 8.06022076 -0.24737387 0.96726144 0.01709457 -0.05403006
1699710199.015809 94.82188482 -39.01003694 8.08119134 -0.24324658 0.96864271 0.01261595 -0.04902286
1699710199.114811 94.54005894 -39.14853188 8.11047009 -0.23948350 0.96984690 0.00495793 -0.04494511
1699710199.213814 94.27052305 -39.29871670 8.15704031 -0.23606797 0.97094382 -0.00315159 -0.03911610
1699710199.315816 94.01232250 -39.44240606 8.23676614 -0.23367609 0.97167906 -0.01057101 -0.03351928
1699710199.414818 93.75513217 -39.58562831 8.31282498 -0.23256904 0.97209259 -0.01537090 -0.02667148
1699710199.513820 93.50841396 -39.71909415 8.37404067 -0.23186988 0.97238018 -0.01719497 -0.02043243
1699710199.612822 93.26953183 -39.84820071 8.40211199 -0.23121717 0.97268876 -0.01663800 -0.01176324
1699710199.714824 93.02596695 -39.96626023 8.40886302 -0.23058950 0.97289386 -0.01665350 -0.00535551
1699710199.813826 92.77486954 -40.13805993 8.42102859 -0.22951214 0.97316156 -0.01669951 0.00137104
1699710199.912828 92.54422514 -40.21233839 8.41478023 -0.22832715 0.97338090 -0.01833275 0.00776232
1699710200.014831 92.29504538 -40.31545682 8.44066689 -0.22479693 0.97406207 -0.02211414 0.01343103
1699710200.113833 92.04329709 -40.42771953 8.48202731 -0.22015197 0.97500670 -0.02538425 0.01583306
1699710200.215835 91.76954788 -40.52809636 8.54321263 -0.21641573 0.97572859 -0.02695177 0.01978779
1699710200.314837 -123192530258893090586410841351579654780770282635264.00000000 138931896131023356000647264078951968803330283536384.00000000 3896630091409019933961645106675159769461720237473792.00000000 0.63670815 0.77088055 0.01232663 0.01392699
1699710200.413839 -123192530273244121412090119712696121829072339730432.00000000 138931896147207973769762097329497181203347808452608.00000000 3896630091862948636066202307440064072933337349488640.00000000 0.61995302 0.76404603 0.17844475 0.00702754
1699710200.515841 -123192530288030017484265406957357275005939238305792.00000000 138931896163883014361759262119212356042652829876224.00000000 3896630092330632854085139710115713423768265607348224.00000000 0.58744267 0.75782415 0.28299723 -0.02293998
1699710200.614843 -123192530302381027540757251179163227932255978520576.00000000 138931896180067632130874095369757568442670354792448.00000000 3896630092784562220803694803338554179143412859535360.00000000 0.54767075 0.79903174 0.21193654 -0.12918179
1699710200.713845 -123192530316732058366436529540279694980558035615744.00000000 138931896196252249899988928620302780842687879708672.00000000 3896630093238490922908252004103458482615029971550208.00000000 0.50122822 0.82870522 0.15430093 -0.19547164
1699710200.812848 -123192530331083089192115807901396162028860092710912.00000000 138931896212436867669103761870847993242705404624896.00000000 3896630093692419625012809204868362786086647083565056.00000000 0.45938971 0.84955391 0.13620103 -0.22060946
1699710200.914850 -123192530345868985264291095146057315205726991286272.00000000 138931896229111908261100926660563168082010426048512.00000000 3896630094160103843031746607544012136921575341424640.00000000 0.42199294 0.86683014 0.14854571 -0.22014006
1699710201.013852 -123192530360220016089970373507173782254029048381440.00000000 138931896245296526030215759911108380482027950964736.00000000 3896630094614032545136303808308916440393192453439488.00000000 0.38724874 0.88098329 0.17413102 -0.20877080
1699710201.115854 -123192530375005912162145660751834935430895946956800.00000000 138931896261971587391400358840134069443318289268736.00000000 3896630095081716763155241210984565791228120711299072.00000000 0.35144020 0.89194396 0.20955404 -0.19238727
1699710201.214856 -123192530389356942987824939112951402479198004051968.00000000 138931896278156205160515192090679281843335814184960.00000000 3896630095535645465259798411749470094699737823313920.00000000 0.31406052 0.90040292 0.24215625 -0.17888804
1699710201.313858 -123192530403707953044316783334757355405514744266752.00000000 138931896294340822929630025341224494243353339101184.00000000 3896630095989574831978353504972310850074885075501056.00000000 0.27383748 0.90674918 0.27246161 -0.16906694
1699710201.412860 -123192530418058983869996061695873822453816801361920.00000000 138931896310525440698744858591769706643370864017408.00000000 3896630096443503534082910705737215153546502187515904.00000000 0.22998483 0.91236009 0.29585993 -0.16484218
1699710201.514863 -123192530432844879942171348940534975630683699937280.00000000 138931896327200481290742023381484881482675885441024.00000000 3896630096911187752101848108412864504381430445375488.00000000 0.18168834 0.91714665 0.31352897 -0.16592457
1699710201.613865 -123192530447195889998663193162340928557000440152064.00000000 138931896343385099059856856632030093882693410357248.00000000 3896630097365117118820403201635705259756577697562624.00000000 0.13191211 0.92099058 0.32391653 -0.17162063
1699710201.712867 -123192530461546941593529905662767909727287814127616.00000000 138931896359569716828971689882575306282710935273472.00000000 3896630097819045156310962509942673111324664669405184.00000000 0.07862514 0.92572231 0.32209169 -0.18197042
1699710201.814869 -123192530476332858434892627046739577026140029583360.00000000 138931896376244757420968854672290481122015956697088.00000000 3896630098286728709715902020160386010256062787092480.00000000 0.02181340 0.92915318 0.31297639 -0.19556158
1699710201.913871 -123192530490683868491384471268545529952456769798144.00000000 138931896392429375190083687922835693522033481613312.00000000 3896630098740658076434457113383226765631210039279616.00000000 -0.03337618 0.92999048 0.29951058 -0.21046887
1699710202.012873 -123192530505034920086251183768972511122744143773696.00000000 138931896408613992959198521173380905922051006529536.00000000 3896630099194586113925016421690194617199297011122176.00000000 -0.08570165 0.92858963 0.28331216 -0.22385431
1699710202.114875 -123192530519820816158426471013633664299611042349056.00000000 138931896425289033551195685963096080761356027953152.00000000 3896630099662270331943953824365843968034225268981760.00000000 -0.12914558 0.92941492 0.26877492 -0.21741520
1699710202.213877 -123192530534171826214918315235439617225927782563840.00000000 138931896441473651320310519213641293161373552869376.00000000 3896630100116199698662508917588684723409372521168896.00000000 -0.16183050 0.93141672 0.26011428 -0.19650531
1699710202.312880 -123192530548522857040597593596556084274229839659008.00000000 138931896457658269089425352464186505561391077785600.00000000 3896630100570128400767066118353589026880989633183744.00000000 -0.18970024 0.93401901 0.25021314 -0.17033993
1699710202.414882 -123192530563308753112772880841217237451096738234368.00000000 138931896474333309681422517253901680400696099209216.00000000 3896630101037812618786003521029238377715917891043328.00000000 -0.21486337 0.93667872 0.23785986 -0.14102978
1699710202.513884 -123192530577659763169264725063023190377413478449152.00000000 138931896490517927450537350504446892800713624125440.00000000 3896630101491741985504558614252079133091065143230464.00000000 -0.23731958 0.93841852 0.22360636 -0.11423784
1699710202.612886 -123192530592010793994944003424139657425715535544320.00000000 138931896506702545219652183754992105200731149041664.00000000 3896630101945670687609115815016983436562682255245312.00000000 -0.25793786 0.93915027 0.20858613 -0.08920007
1699710202.714888 -123192530606796690067119290668800810602582434119680.00000000 138931896523377585811649348544707280040036170465280.00000000 3896630102413354905628053217692632787397610513104896.00000000 -0.27786101 0.93880129 0.19217239 -0.06719506
1699710202.813890 -123192530621147700123611134890606763528899174334464.00000000 138931896539562203580764181795252492440053695381504.00000000 3896630102867284272346608310915473542772757765292032.00000000 -0.29578384 0.93755810 0.17650616 -0.04839732
1699710202.912892 -123192530635498751718477847391033744699186548310016.00000000 138931896555746821349879015045797704840071220297728.00000000 3896630103321212309837167619222441394340844737134592.00000000 -0.31256840 0.93556498 0.16106520 -0.03282006
1699710203.014894 -123192530650284647790653134635694897876053446885376.00000000 138931896572421861941876179835512879679376241721344.00000000 3896630103788896527856105021898090745175772994994176.00000000 -0.31374090 0.93537444 0.16006183 -0.03196125
1699710203.113897 -123192530664635678616332412996811364924355503980544.00000000 138931896588606479710991013086058092079393766637568.00000000 3896630104242825229960662222662995048647390107009024.00000000 -0.31395036 0.93530945 0.16004819 -0.03187455
1699710203.212899 -123192530678986730211199125497238346094642877956096.00000000 138931896604791097480105846336603304479411291553792.00000000 3896630104696753267451221530969962900215477078851584.00000000 -0.31414963 0.93524593 0.16004681 -0.03178170
1699710203.314901 -123192530693772626283374412741899499271509776531456.00000000 138931896621466138072103011126318479318716312977408.00000000 3896630105164437485470158933645612251050405336711168.00000000 -0.31438268 0.93517342 0.16003315 -0.03167973
1699710203.413903 -123192530708123657109053691103015966319811833626624.00000000 138931896637650755841217844376863691718733837893632.00000000 3896630105618366187574716134410516554522022448726016.00000000 -0.31460205 0.93510953 0.15999292 -0.03159092
1699710203.512905 -123192530722474687934732969464132433368113890721792.00000000 138931896653835373610332677627408904118751362809856.00000000 3896630106072294889679273335175420857993639560740864.00000000 -0.31482702 0.93504549 0.15994674 -0.03147887
1699710203.614908 -123192530737260604776095690848104100666966106177536.00000000 138931896670510455740704710695745107202027017994240.00000000 3896630106539980436926206522766943112635628098945024.00000000 -0.31504236 0.93497686 0.15994122 -0.03139072
1699710203.713909 -123192530751611594063400100930599539471297529511936.00000000 138931896686695031971444675667669291358073909149696.00000000 3896630106993908474416765831073910964203715070787584.00000000 -0.31518607 0.93492867 0.15996293 -0.03127265
1699710203.812912 -123192530765962624889079379291716006519599586607104.00000000 138931896702879649740559508918214503758091434065920.00000000 3896630107447837176521323031838815267675332182802432.00000000 -0.31539157 0.93485705 0.15999424 -0.03118160
